% Calculated in A_Annual_SolarPath_angles.m
GHI_CMP1 = [382.018000,378.249000,384.381000,380.547000,316.791000,168.649000,53.129300,186.909000,183.919000,175.233000,314.966000,385.713000,384.857000,380.867000,391.988000,303.110000,375.378000,254.018000,302.322000,321.005000,374.116000,377.323000,329.656000,237.232000,331.087000,316.369000,372.979000,357.983000,266.017000,0.000000,20.160800,321.781000,312.737000,237.076000,357.176000,248.498000,192.987000,244.951000,312.179000,276.477000,348.130000,349.611000,339.373000,294.495000,176.123000,183.127000,275.933000,278.299000,298.180000,309.280000,204.096000,120.261000,96.177300,307.430000,308.377000,178.695000,261.132000,320.159000,295.334000,222.741000,292.130000,313.958000,216.195000,220.816000,242.542000,284.101000,280.197000,295.663000,101.635000,273.634000,263.817000,199.095000,0.000000,294.922000,291.715000,265.067000,284.818000,287.046000,263.755000,276.677000,280.638000,266.630000,247.382000,245.696000,212.535000,270.813000,262.384000,245.321000,262.787000,258.432000,258.891000,229.102000,151.329000,112.776000,243.256000,238.020000,204.363000,197.596000,237.042000,232.838000,235.461000,233.111000,228.603000,175.316000,123.103000,80.294700,217.734000,187.232000,205.829000,209.962000,144.121000,NaN,NaN,NaN,NaN,NaN,NaN,NaN,NaN,NaN,NaN,NaN,NaN,NaN,NaN,NaN,NaN,104.809000,58.917000,148.993000,139.098000,170.819000,127.943000,167.584000,149.086000,167.927000,156.156000,101.793000,134.521000,48.757500,80.938700,NaN,145.095000,99.495300,94.011000,132.885000,145.610000,129.524000,136.099000,122.796000,132.826000,150.116000,123.647000,156.029000,156.458000,153.490000,126.394000,148.528000,146.700000,119.365000,127.220000,149.945000,152.206000,144.384000,140.604000,129.446000,77.291100,143.914000,143.097000,135.665000,128.652000,144.792000,144.072000,145.167000,137.523000,136.605000,104.226000,96.171300,135.214000,146.132000,134.598000,131.455000,125.462000,125.647000,113.343000,131.440000,98.820900,152.711000,140.765000,151.031000,152.689000,154.803000,90.022000,135.791000,153.573000,151.616000,155.742000,127.262000,104.054000,160.695000,143.320000,161.165000,165.400000,158.571000,157.453000,152.280000,126.407000,128.278000,99.797800,163.220000,166.102000,158.530000,161.010000,119.519000,134.218000,162.180000,46.798100,180.633000,176.597000,165.205000,42.347300,72.014100,154.117000,151.897000,168.358000,172.305000,193.075000,148.717000,170.020000,138.532000,185.057000,169.456000,75.000800,208.972000,191.595000,216.166000,211.834000,223.118000,223.937000,228.733000,176.372000,152.190000,181.628000,233.623000,213.014000,237.297000,220.153000,229.203000,236.025000,187.731000,250.772000,232.368000,239.609000,237.914000,233.966000,248.729000,230.868000,151.230000,243.149000,228.664000,151.389000,195.923000,278.294000,267.184000,275.873000,226.977000,156.502000,175.645000,265.528000,245.592000,188.629000,214.007000,244.638000,104.492000,201.932000,256.472000,266.875000,305.204000,285.985000,303.971000,256.348000,194.670000,226.148000,272.566000,284.052000,303.026000,276.383000,304.038000,298.959000,159.381000,159.270000,337.322000,333.855000,213.756000,247.121000,300.516000,312.129000,319.602000,161.729000,331.733000,289.527000,186.790000,324.560000,329.030000,125.365000,120.896000,284.254000,196.909000,209.423000,306.952000,340.236000,313.398000,321.079000,290.925000,207.430000,210.951000,180.544000,261.307000,340.171000,339.776000,323.736000,360.832000,379.471000,341.180000,325.902000,384.425000,364.995000,132.035000,215.885000,290.993000,260.696000,384.575000,370.974000,348.350000,382.840000,380.301000,77.669200,138.115000,223.584000,242.401000,285.178000,344.721000,279.915000,313.112000,157.799000,332.519000,337.774000,350.397000,387.253000,75.033500,280.857000,398.906000,395.342000,390.745000,366.713000,397.204000,395.975000,388.539000,394.819000,398.957000,340.531000,296.402000,327.273000,335.214000,281.320000,266.527000];
