% Calculated in B_Daily_Summer_Winter.m
GHI_CMP11_Dec_2014 =  [0.000000,0.000000,0.000000,0.000000,0.000000,0.000000,0.000000,0.000000,0.000000,0.000000,0.000000,0.000000,0.000000,0.000000,0.000000,0.000000,0.000000,0.000000,0.000000,0.000000,0.000000,0.000000,0.000000,0.000000,0.000000,0.000000,0.000000,0.000000,0.000000,0.000000,0.000000,0.000000,0.000000,0.000000,0.000000,0.000000,0.000000,0.000000,0.000000,0.000000,0.000000,0.000000,0.000000,0.000000,0.000000,0.000000,0.000000,0.000000,0.000000,0.000000,0.000000,0.000000,0.000000,0.000000,0.000000,0.000000,0.000000,0.000000,0.000000,0.000000,0.000000,0.000000,0.000000,0.000000,0.000000,0.000000,0.000000,0.000000,0.000000,0.000000,0.000000,0.000000,0.000000,0.000000,0.000000,0.000000,0.000000,0.000000,0.000000,0.000000,0.000000,0.000000,0.000000,0.000000,0.000000,0.000000,0.000000,0.000000,0.000000,0.000000,0.000000,0.000000,0.000000,0.000000,0.000000,0.000000,0.000000,0.000000,0.000000,0.000000,0.000000,0.000000,0.000000,0.000000,0.000000,0.000000,0.000000,0.000000,0.000000,0.000000,0.000000,0.000000,0.000000,0.000000,0.000000,0.000000,0.000000,0.000000,0.000000,0.000000,0.000000,0.000000,0.000000,0.000000,0.000000,0.000000,0.000000,0.000000,0.000000,0.000000,0.000000,0.000000,0.000000,0.000000,0.000000,0.000000,0.000000,0.000000,0.000000,0.000000,0.000000,0.000000,0.000000,0.000000,0.000000,0.000000,0.000000,0.000000,0.000000,0.000000,0.000000,0.000000,0.000000,0.000000,0.000000,0.000000,0.000000,0.000000,0.000000,0.000000,0.000000,0.000000,0.000000,0.000000,0.000000,0.000000,0.000000,0.000000,0.000000,0.000000,0.000000,0.000000,0.000000,0.000000,0.000000,0.000000,0.000000,0.000000,0.000000,0.000000,0.000000,0.000000,0.000000,0.000000,0.000000,0.000000,0.000000,0.000000,0.000000,0.000000,0.000000,0.000000,0.000000,0.000000,0.000000,0.000000,0.000000,0.000000,0.000000,0.000000,0.000000,0.000000,0.000000,0.000000,0.000000,0.000000,0.000000,0.000000,0.000000,0.000000,0.000000,0.000000,0.000000,0.000000,0.000000,0.000000,0.000000,0.000000,0.000000,0.000000,0.000000,0.000000,0.000000,0.000000,0.000000,0.000000,0.000000,0.000000,0.000000,0.000000,0.000000,0.000000,0.000000,0.000000,0.000000,0.000000,0.000000,0.000000,0.000000,0.000000,0.000000,0.000000,0.000000,0.000000,0.000000,0.000000,0.000000,0.000000,0.000000,0.000000,0.000000,0.000000,0.000000,0.000000,0.000000,0.000000,0.000000,0.000000,0.000000,0.000000,0.000000,0.000000,0.000000,0.000000,0.000000,0.000000,0.000000,0.000000,0.000000,0.000000,0.000000,0.000000,0.000000,0.000000,0.000000,0.000000,0.000000,0.000000,0.000000,0.000000,0.000000,0.000000,0.000000,0.000000,0.000000,0.000000,0.000000,0.000000,0.000000,0.000000,0.000000,0.000000,0.000000,0.000000,0.000000,0.000000,0.000000,0.000000,0.000000,0.000000,0.000000,0.000000,0.000000,0.267928,0.334910,0.480037,1.004730,1.099620,1.339640,1.786190,2.215990,2.751840,3.349100,4.013340,4.783630,5.592990,6.407940,7.446160,8.445310,9.673310,10.906900,12.235400,13.720100,15.299800,16.907400,18.626600,20.228500,21.981200,23.722800,25.687600,27.697000,29.829300,31.933600,34.194300,36.544200,39.084000,41.601400,44.001600,46.479900,49.008500,51.520300,53.998600,56.538300,59.312500,62.181600,65.061800,68.020200,70.922700,73.786200,76.733400,79.730800,82.745000,85.759200,88.678500,91.508500,94.500400,97.548000,100.501000,103.470000,106.490000,109.627000,112.820000,116.091000,119.200000,122.326000,125.502000,128.678000,131.938000,135.382000,138.881000,142.409000,145.954000,149.688000,153.104000,156.503000,160.132000,163.698000,167.215000,170.776000,174.315000,177.636000,181.119000,184.423000,187.988000,191.766000,195.654000,199.028000,202.831000,206.540000,210.258000,213.792000,217.527000,221.408000,225.478000,229.364000,233.128000,236.803000,240.661000,244.252000,248.016000,251.937000,255.545000,259.450000,263.438000,267.170000,270.795000,274.399000,278.008000,282.058000,285.980000,289.841000,293.679000,297.640000,301.122000,304.854000,308.453000,312.537000,316.510000,320.438000,324.092000,327.875000,331.757000,335.291000,339.106000,342.815000,346.567000,350.643000,355.020000,359.353000,362.948000,366.191000,369.759000,373.590000,376.879000,380.977000,385.215000,389.213000,392.927000,397.042000,401.543000,405.899000,409.323000,412.580000,416.908000,420.874000,424.689000,428.689000,433.005000,437.243000,440.940000,444.825000,449.346000,453.403000,457.275000,461.774000,465.749000,469.250000,473.552000,476.522000,479.587000,483.539000,488.064000,491.843000,494.445000,498.308000,502.149000,506.040000,509.305000,513.423000,517.187000,521.765000,526.718000,530.751000,534.547000,539.181000,543.554000,548.039000,551.452000,553.935000,556.842000,561.055000,565.384000,569.095000,572.428000,576.012000,580.320000,584.060000,587.757000,591.882000,595.439000,599.193000,603.098000,607.537000,611.897000,616.200000,619.542000,623.241000,626.721000,629.911000,633.214000,636.567000,639.832000,642.774000,645.805000,650.012000,653.621000,657.058000,661.371000,666.359000,670.873000,674.567000,678.490000,681.984000,685.690000,689.290000,692.472000,695.008000,698.636000,701.391000,704.204000,706.944000,709.965000,713.320000,716.537000,720.294000,724.233000,728.501000,732.800000,736.066000,739.750000,742.543000,745.175000,748.243000,751.700000,755.465000,758.578000,761.419000,765.379000,769.960000,773.782000,777.148000,780.067000,783.037000,786.392000,789.524000,793.152000,797.171000,800.504000,803.091000,805.688000,809.239000,813.018000,817.082000,820.394000,823.504000,826.180000,829.280000,832.759000,835.931000,838.507000,840.507000,843.190000,845.368000,849.032000,853.545000,857.334000,861.058000,863.746000,865.981000,868.403000,871.260000,874.208000,876.236000,878.698000,881.810000,885.376000,888.754000,891.016000,894.450000,897.142000,898.707000,900.774000,903.635000,905.714000,908.350000,911.149000,914.584000,917.786000,920.631000,923.496000,925.466000,927.303000,929.275000,931.234000,933.484000,936.466000,939.515000,942.502000,944.498000,946.964000,950.394000,954.459000,957.048000,960.111000,962.578000,964.019000,966.497000,968.631000,970.485000,973.298000,976.235000,979.171000,981.405000,982.931000,984.770000,987.841000,990.287000,992.583000,995.157000,996.099000,998.060000,999.632000,1001.610000,1004.500000,1006.150000,1007.840000,1009.190000,1011.880000,1013.870000,1015.430000,1018.840000,1021.160000,1023.740000,1024.830000,1025.030000,1027.050000,1029.690000,1032.840000,1034.850000,1036.480000,1037.970000,1040.210000,1041.390000,1041.370000,1044.000000,1047.740000,1050.020000,1051.640000,1053.580000,1054.230000,1054.820000,1054.930000,1059.720000,1059.330000,1060.260000,1062.630000,1064.680000,1067.400000,1070.010000,1072.400000,1074.590000,1075.610000,1077.350000,1077.450000,1079.720000,1081.330000,1083.670000,1084.970000,1087.090000,1086.200000,1089.290000,1092.750000,1092.880000,1090.890000,1091.710000,1092.910000,1092.340000,1093.750000,1095.390000,1097.020000,1098.440000,1101.000000,1103.710000,1104.500000,1104.020000,1105.300000,1107.710000,1109.650000,1110.560000,1113.060000,1113.860000,1114.280000,1113.950000,1115.430000,1118.160000,1121.000000,1121.670000,1119.840000,1119.020000,1119.160000,1119.000000,1120.060000,1120.650000,1122.600000,1124.840000,1126.120000,1126.680000,1127.990000,1129.810000,1128.630000,1126.760000,1125.010000,1124.020000,1127.240000,1127.130000,1126.160000,1122.670000,1123.630000,1126.050000,1124.560000,1121.510000,1121.960000,1123.100000,1123.740000,1126.430000,1127.740000,1126.990000,1131.790000,1132.940000,1129.740000,1130.510000,1131.560000,1131.630000,1129.740000,1128.830000,1129.760000,1136.750000,1138.940000,1133.660000,1131.000000,1130.100000,1130.740000,1129.020000,1131.680000,1130.850000,1127.690000,1128.450000,1128.920000,1130.130000,1129.590000,1130.110000,1130.650000,1130.180000,1132.650000,1131.040000,1133.700000,1136.380000,1136.330000,1136.930000,1136.420000,1134.760000,1133.110000,1130.080000,1128.580000,1126.860000,1125.540000,1126.730000,1125.740000,1120.730000,