% Calculated in plot_GRT_Annual_SolarPath_angles.m
Tilt_angle_optimal = [12.270000,12.400000,12.540000,12.690000,12.840000,12.990000,13.150000,13.320000,13.490000,13.660000,13.840000,14.020000,14.210000,14.400000,14.600000,14.800000,15.000000,15.210000,15.420000,15.630000,15.850000,16.070000,16.300000,16.530000,16.760000,17.000000,17.240000,17.480000,17.730000,17.980000,18.240000,18.500000,18.760000,19.020000,19.290000,19.560000,19.840000,20.120000,20.400000,20.680000,20.970000,21.260000,21.550000,21.850000,22.150000,22.450000,22.760000,23.060000,23.380000,23.690000,24.010000,24.320000,24.650000,24.970000,25.300000,25.620000,25.950000,26.290000,26.620000,26.960000,27.300000,27.640000,27.980000,28.330000,28.680000,29.020000,29.370000,29.720000,30.080000,30.430000,30.790000,31.140000,31.500000,31.860000,32.220000,32.580000,32.940000,33.300000,33.670000,34.030000,34.390000,34.760000,35.120000,35.480000,35.850000,36.210000,36.570000,36.940000,37.300000,37.660000,38.020000,38.380000,38.750000,39.100000,39.460000,39.820000,40.180000,40.530000,40.880000,41.240000,41.590000,41.930000,42.280000,42.630000,42.970000,43.310000,43.650000,43.980000,44.320000,44.650000,44.980000,45.300000,45.630000,45.950000,46.260000,46.580000,46.890000,47.190000,47.500000,47.800000,48.100000,48.390000,48.680000,48.960000,49.240000,49.520000,49.790000,50.060000,50.330000,50.590000,50.840000,51.090000,51.340000,51.580000,51.820000,52.050000,52.270000,52.490000,52.710000,52.920000,53.130000,53.330000,53.520000,53.710000,53.890000,54.070000,54.240000,54.410000,54.570000,54.720000,54.870000,55.010000,55.140000,55.270000,55.400000,55.510000,55.620000,55.730000,55.820000,55.920000,56.000000,56.080000,56.150000,56.210000,56.270000,56.320000,56.370000,56.410000,56.440000,56.460000,56.480000,56.490000,56.490000,56.490000,56.480000,56.470000,56.440000,56.410000,56.380000,56.330000,56.280000,56.230000,56.160000,56.090000,56.020000,55.930000,55.840000,55.740000,55.640000,55.530000,55.410000,55.290000,55.160000,55.020000,54.880000,54.730000,54.580000,54.420000,54.250000,54.070000,53.890000,53.710000,53.520000,53.320000,53.110000,52.910000,52.690000,52.470000,52.240000,52.010000,51.770000,51.530000,51.280000,51.030000,50.770000,50.510000,50.240000,49.960000,49.690000,49.400000,49.110000,48.820000,48.530000,48.220000,47.920000,47.610000,47.290000,46.980000,46.650000,46.330000,46.000000,45.670000,45.330000,44.990000,44.640000,44.300000,43.950000,43.590000,43.240000,42.880000,42.520000,42.150000,41.790000,41.420000,41.040000,40.670000,40.290000,39.910000,39.530000,39.150000,38.770000,38.380000,37.990000,37.600000,37.210000,36.820000,36.430000,36.040000,35.640000,35.240000,34.850000,34.450000,34.050000,33.660000,33.260000,32.860000,32.460000,32.060000,31.660000,31.270000,30.870000,30.470000,30.080000,29.680000,29.280000,28.890000,28.500000,28.100000,27.710000,27.320000,26.940000,26.550000,26.160000,25.780000,25.400000,25.020000,24.640000,24.270000,23.900000,23.530000,23.160000,22.790000,22.430000,22.070000,21.720000,21.360000,21.010000,20.670000,20.330000,19.990000,19.650000,19.320000,18.990000,18.670000,18.350000,18.040000,17.730000,17.430000,17.130000,16.830000,16.550000,16.260000,15.980000,15.710000,15.450000,15.190000,14.930000,14.690000,14.440000,14.210000,13.980000,13.760000,13.550000,13.340000,13.150000,12.960000,12.770000,12.600000,12.430000,12.270000,12.120000,11.980000,11.850000,11.730000,11.610000,11.500000,11.410000,11.320000,11.240000,11.170000,11.110000,11.060000,11.010000,10.980000,10.950000,10.940000,10.930000,10.930000,10.940000,10.960000,10.980000,11.020000,11.060000,11.110000,11.170000,11.230000,11.300000,11.380000,11.460000,11.560000,11.650000,11.760000,11.870000,11.990000,12.110000,12.270000];
Tilt_angle_max = 56.490000;
Tilt_angle_min = 10.930000;
Tilt_angle_optimal_mean = 33.948770;
Tilt_angle_optimal_weighted = 28.916864;
SunZenithAngleSimple = [34.862119,34.969855,35.084272,35.205335,35.333009,35.467255,35.608035,35.755306,35.909025,36.069146,36.235622,36.408403,36.587439,36.772675,36.964058,37.161530,37.365034,37.574508,37.789891,38.011118,38.238125,38.470844,38.709206,38.953140,39.202575,39.457436,39.717647,39.983132,40.253812,40.529607,40.810435,41.096212,41.386855,41.682276,41.982389,42.287105,42.596333,42.909981,43.227957,43.550166,43.876514,44.206902,44.541234,44.879410,45.221331,45.566894,45.915997,46.268537,46.624410,46.983509,47.345730,47.710963,48.079102,48.450036,48.823656,49.199852,49.578511,49.959522,50.342772,50.728147,51.115533,51.504815,51.895878,52.288606,52.682882,53.078590,53.475613,53.873832,54.273130,54.673389,55.074490,55.476313,55.878741,56.281653,56.684931,57.088454,57.492104,57.895760,58.299303,58.702614,59.105573,59.508060,59.909957,60.311144,60.711502,61.110913,61.509258,61.906419,62.302279,62.696720,63.089626,63.480879,63.870365,64.257967,64.643571,65.027063,65.408328,65.787254,66.163729,66.537641,66.908880,67.277334,67.642896,68.005456,68.364908,68.721144,69.074060,69.423550,69.769511,70.111841,70.450439,70.785203,71.116034,71.442835,71.765509,72.083960,72.398094,72.707818,73.013039,73.313668,73.609615,73.900793,74.187115,74.468497,74.744855,75.016107,75.282173,75.542975,75.798434,76.048475,76.293024,76.532009,76.765358,76.993003,77.214876,77.430911,77.641045,77.845215,78.043360,78.235422,78.421345,78.601072,78.774550,78.941729,79.102559,79.256991,79.404981,79.546484,79.681459,79.809865,79.931664,80.046821,80.155301,80.257072,80.352104,80.440369,80.521840,80.596494,80.664308,80.725262,80.779339,80.826521,80.866796,80.900151,80.926576,80.946064,80.958608,80.964206,80.962854,80.954555,80.939310,80.917123,80.888002,80.851955,80.808992,80.759127,80.702374,80.638750,80.568274,80.490966,80.406850,80.315950,80.218294,80.113910,80.002830,79.885085,79.760712,79.629747,79.492229,79.348198,79.197697,79.040772,78.877467,78.707832,78.531918,78.349775,78.161458,77.967023,77.766528,77.560032,77.347595,77.129282,76.905156,76.675285,76.439736,76.198579,75.951885,75.699728,75.442183,75.179325,74.911232,74.637985,74.359663,74.076350,73.788129,73.495086,73.197308,72.894882,72.587899,72.276450,71.960626,71.640521,71.316231,70.987851,70.655478,70.319212,69.979151,69.635397,69.288051,68.937216,68.582996,68.225497,67.864824,67.501084,67.134384,66.764834,66.392543,66.017621,65.640179,65.260330,64.878185,64.493859,64.107464,63.719116,63.328929,62.937019,62.543502,62.148495,61.752115,61.354480,60.955706,60.555913,60.155219,59.753742,59.351601,58.948916,58.545806,58.142391,57.738789,57.335121,56.931507,56.528065,56.124915,55.722177,55.319970,54.918414,54.517626,54.117727,53.718834,53.321066,52.924541,52.529376,52.135688,51.743594,51.353210,50.964651,50.578034,50.193472,49.811079,49.430969,49.053255,48.678047,48.305458,47.935598,47.568577,47.204502,46.843483,46.485626,46.131036,45.779820,45.432082,45.087923,44.747447,44.410754,44.077944,43.749115,43.424366,43.103791,42.787487,42.475547,42.168063,41.865127,41.566828,41.273255,40.984494,40.700631,40.421751,40.147936,39.879266,39.615823,39.357683,39.104924,38.857620,38.615844,38.379668,38.149162,37.924395,37.705433,37.492340,37.285181,37.084016,36.888905,36.699905,36.517074,36.340465,36.170129,36.006119,35.848482,35.697266,35.552514,35.414270,35.282575,35.157467,35.038985,34.927162,34.822033,34.723627,34.631976,34.547105,34.469039,34.397803,34.333416,34.275899,34.225268,34.181537,34.144721,34.114830,34.091873,34.075856,34.066785,34.064661,34.069487,34.081260,34.099976,34.125631,34.158216,34.197723,34.244138,34.297449,34.357640,34.424693,34.498588,34.579303,34.666814,34.761095,34.862119];
